password setup
robustness
limits to maze size
fix bugs
protect email api key
timer
Need to make the code more readable and add more comments, prepare for viva



extras:-
pfp

later:-
cloud database(filess.to)
themeing

[<PIL.Image.Image image mode=RGB size=25x25 at 0x1BA7EC3C950>, 
[[[1, 3], [-2], [-2], [-2], [3], [3], [-2], [-2], [2, 3], [-2], [-2], [-2]], [[3, 1], [3], [3, 0], [3, 1, 0], [0, 3, 1], [1, 3], [-2], [3], [1, 0, 3], [3], [1, 3, 0], [0]], [[3, 1], [1, 3], [-2], [-2], [-2], [3], [3], [0], [3], [-2], [3], [-2]], [[-2], [3, 1], [3], [3], [1], [-2], [3], [-2], [3], [3], [3], [-2]], [[-2], [1, 2, 3], [3], [-2], [3], [0, 3], [3, 0], [3], [0, 3], [3, 1], [3], [-2]], [[1], [1, 3, 2], [3], [3], [3], [-2], [-2], [3], [-2], [-2], [-2], [-2]], [[1], [3, 1], [3], [3, 1], [1, 3], [3], [0, 3], [0, 3], [1], [-2], [0], [0]], [[1], [3, 1], [1], [-2], [3, 1], [-2], [3], [-2], [-2], [3, 0], [3, 0, 1], [0]], [[1], [-2], [-2], [-2], [2, 3, 1], [3], [0, 1, 3], [3], [3], [0], [1, 3], [-2]], [[3, 1], [-2], [-2], [1], [3, 2], [1], [3, 1], [1, 3], [3], [1], [-2], [-2]], [[3, 1], [3], [0, 1], [3, 1], [-2], [1], [-2], [1], [-2], [1, 3], [3, 1], [0]], [[-2], [-2], [2], [3], [-2], [3], [-2], [3], [0], [-2], [3], [-2]]], 
<PIL.Image.Image image mode=RGB size=25x25 at 0x1BA7EC3D9D0>,
 <PIL.Image.Image image mode=RGB size=25x25 at 0x1BA7EC3E870>]